1
303806070865572866031751250918065607014467617914163950035270707450320041057114313385749228968381954636799976994584906098745041343072501800127159961545776706978316181756362419365889060790623288892778282002043429864165130978316168867287667782725331344103500208649583141543527583788390252405864023808233218448774298829164870750597087310894266897065827181303310413221265782968041758750119939207639351330801224867963167967948417211743362420509278810485528088034105437921040081332351088863761021907550273331128689029002497473198571824127875735394560

2
960939379918958884971672962127852754715004339660129306651505519271702802395266424689642842174350718121267153782770623355993237280874144307891325963941337723487857735749823926629715517173716995165232890538221612403238855866184013235585136048828693337902491454229288667081096184496091705183454067827731551705405381627380967602565625016981482083418783163849115590225610003652351370343874461848378737238198224849863465033159410054974700593138339226497249461751545728366702369745461014655997933798537483143786841806593422227898388722980000748404719

3
561095231006311609202107928357014468006532245040475975464343790487657873623767753974726322216474686813788659870304994870551049654116649619617043307987709610719854246449205062647598665278746282246614103871651227287979098703173931121513316929263265608628007596564265007533644807896489630653229510416640376118339913306044842217657064162000887937654202888749910333869412397983946474774901430686831355047601261958664605967113037554890839686682373693267399737992906579558432842654942196081426412666630578922325263158408992039073426045331832832

ans
7398454059954369481101682566646777496673299301249479912345245824905847386529538761133958866441020859881263147281579998884321153567599172884568046059814792119608997934359248195772040905664059203237760054683088620681086063589225632095217259407191498949711076305321222264761654535779084088111142377384228814513367723186344625602915872201833495812614883369286129049112819340489741149821456318813581220175476948507551202239433559506944